8.179996128726592985e+00
3.300237539168856671e+01
-2.284252733500200527e+00
-1.695708556713860116e+00
-1.897163880439566741e+00
5.683383559042620270e+00
2.819445746060046609e+00
3.784120707494964986e+00
8.078758307737993860e+00
1.012376145269656114e+01
3.654110920423472741e+00
3.694710359525432253e+00
1.294325277311606470e+01
8.299996048023789541e+00
8.567934838596226399e+00
3.438839935385550550e+00
4.640171053077431829e+00
1.542903115312221018e+00
-9.172504919113290498e+02
3.858930403978503065e+00
7.547327627234127867e+00
5.915210444333912854e+00
9.138787477847658991e+00
5.139710433403541501e+00
-1.046430257396541164e+00
4.027501026478824429e+02
-9.917389026065758344e+02
-9.846106198174909423e+02
-9.647917345695599352e+02
7.393309679445509985e+00
2.672516056524876671e+00
5.211168724808660002e+00
