-7.958267270897470894e-03
-5.295850468532951538e+01
2.782479011510574196e+00
1.060458622807791240e+00
6.330633544563176729e-01
-5.329783439616289087e+01
-8.546971725998858460e+00
-2.435247517421546437e+00
-3.966568315957049506e+00
-4.302261504011023696e+00
-1.362891551533694123e+00
-8.883216530150829238e-01
-2.590792861504619626e+00
-8.099554895506596089e-03
1.510129994923958385e+00
6.514444710007918360e-01
1.228337330777777625e+00
4.236153641687746552e-01
-3.957935510950435969e+02
1.657907155799234866e+00
3.909967479044865524e+00
3.926867122687371037e+00
8.528338843803922487e+00
7.989579254301366618e+00
3.024067412675353950e+00
9.142173455022170856e+02
-1.202287364015140412e+02
-1.689465221382685627e+02
-2.591870153118399003e+02
4.193920836617844650e+00
8.384369858708328849e+00
2.973839357056142774e+00
