8.408721623410829113e-03
4.404486277080576428e+01
1.206425060544443970e-02
1.934540286632243644e-01
8.301729123389277321e-02
2.937040069749183857e+01
6.670229946265696097e-02
4.658298197381130490e-03
9.962640263189818934e-04
6.406541676452010697e-03
1.432479930920961542e-02
1.739360308070032196e-02
1.005175536466448166e-01
8.220924461810242070e-03
2.173788982068761144e-02
5.324412677827405904e-03
2.640570343755187580e-03
1.350882894536115444e-02
3.409201687617224308e-01
9.996451822241129298e-03
1.402809459705767550e-02
9.414852090301517595e-03
1.820250625428009306e-01
1.507864937321806154e-01
4.061050147887840939e-02
1.072947058747360849e+01
1.179826398754076688e+00
4.555458351645825132e+00
4.397428805544288721e+00
3.077602579756302803e-02
5.164309652608990026e-04
1.014487214451113839e-02
